(Preferred) sampling frequency set to 10 Hz.
Your device may not support this sampling frequency, so always check your timestamps!
ATTITUDE 5220.199509 1.234453 -1.288599 -101.704660
ACCEL 5220.199560 0.026062 0.034485 0.984436
GYRO 5220.199634 0.014956 -0.012433 0.016507
MAGNETO 5220.199685 -356.960266 180.295181 140.914841
ATTITUDE 5220.296374 1.216314 -1.335378 -101.740645
ACCEL 5220.296661 0.029602 0.021820 0.988922
GYRO 5220.296824 0.007502 -0.006173 0.003410
MAGNETO 5220.296996 -358.170288 180.468033 140.746078
ATTITUDE 5220.397551 1.169830 -1.476657 -101.798131
ACCEL 5220.397777 0.027924 0.023178 0.978439
GYRO 5220.397866 -0.002487 -0.001100 -0.004773
MAGNETO 5220.397950 -356.614563 180.640900 140.239807
ATTITUDE 5220.496920 1.170929 -1.465916 -101.824966
ACCEL 5220.497106 0.023392 0.014862 0.986618
GYRO 5220.497198 0.000008 0.016725 0.002439
MAGNETO 5220.497315 -356.614563 179.949448 142.264923
ATTITUDE 5220.596891 1.191867 -1.446172 -101.822116
ACCEL 5220.597022 0.026016 0.024384 0.989197
GYRO 5220.597090 0.026362 -0.013659 -0.006821
MAGNETO 5220.597183 -357.306000 181.332352 142.602448
ATTITUDE 5220.696837 1.192401 -1.452452 -101.805142
ACCEL 5220.696963 0.023636 0.013672 0.983444
GYRO 5220.697031 0.030036 -0.012706 0.011234
MAGNETO 5220.697096 -357.478851 180.122314 142.433685
ATTITUDE 5220.796069 1.233552 -1.465700 -101.788274
ACCEL 5220.796184 0.027100 0.041031 0.992096
GYRO 5220.796252 0.001287 0.007194 -0.004872
MAGNETO 5220.796335 -357.306000 179.949448 141.927399
ATTITUDE 5220.896771 1.264239 -1.449762 -101.818434
ACCEL 5220.896877 0.026566 0.021133 0.993301
GYRO 5220.896943 0.011229 0.008004 0.014215
MAGNETO 5220.897009 -357.306000 181.332352 141.252365
ATTITUDE 5220.996765 1.239600 -1.389629 -101.844695
ACCEL 5220.996876 0.026016 0.012802 0.989273
GYRO 5220.996942 0.020016 0.011407 0.013968
MAGNETO 5220.997008 -357.651733 180.295181 142.939972
ATTITUDE 5221.096760 1.279576 -1.389384 -101.827188
ACCEL 5221.096858 0.026413 0.027802 0.988495
GYRO 5221.096924 0.017498 -0.010039 0.010384
MAGNETO 5221.096988 -356.787415 181.505203 142.096161
ATTITUDE 5221.196820 1.276767 -1.398053 -101.830787
ACCEL 5221.196917 0.022324 0.021484 0.991348
GYRO 5221.196984 0.004987 -0.006131 0.004693
MAGNETO 5221.197049 -355.750244 179.085144 142.096161
ATTITUDE 5221.296751 1.248348 -1.401565 -101.864923
ACCEL 5221.296846 0.021347 0.022278 0.987473
GYRO 5221.296911 0.005000 0.004635 0.004704
MAGNETO 5221.296975 -357.306000 180.640900 143.277481
ATTITUDE 5221.396759 1.220817 -1.370142 -101.896128
ACCEL 5221.396851 0.024628 0.023224 0.984039
GYRO 5221.396916 0.023782 -0.001797 0.010214
MAGNETO 5221.396981 -356.960266 180.640900 143.277481
ATTITUDE 5221.496772 1.238581 -1.358905 -101.881609
ACCEL 5221.496879 0.026840 0.019409 0.990356
GYRO 5221.496947 0.021232 0.005345 0.019980
MAGNETO 5221.497012 -356.441681 181.850937 143.446243
ATTITUDE 5221.596757 1.214449 -1.350517 -101.896074
ACCEL 5221.596852 0.021362 0.011932 0.990982
GYRO 5221.596917 0.027445 -0.004443 0.029476
MAGNETO 5221.596979 -357.824585 180.122314 141.758652
ATTITUDE 5221.696757 1.283232 -1.371215 -101.875092
ACCEL 5221.696847 0.026245 0.036652 0.990326
GYRO 5221.696912 0.027607 0.007780 0.000430
MAGNETO 5221.696975 -357.997437 180.640900 142.602448
ATTITUDE 5221.796803 1.313111 -1.354260 -101.863759
ACCEL 5221.796893 0.021408 0.019836 0.984756
GYRO 5221.796958 0.010000 -0.000278 0.006978
MAGNETO 5221.797022 -356.268799 181.332352 142.939972
ATTITUDE 5221.895870 1.273033 -1.286605 -101.897499
ACCEL 5221.895962 0.031784 0.019302 0.991562
GYRO 5221.896030 0.038806 0.001409 0.017052
MAGNETO 5221.896111 -355.577393 179.949448 143.277481
ATTITUDE 5221.996752 1.320062 -1.322204 -101.884036
ACCEL 5221.996840 0.031204 0.022797 0.982574
GYRO 5221.996905 0.023812 0.003031 0.005376
MAGNETO 5221.996968 -357.133118 181.159485 140.408569
ATTITUDE 5222.096751 1.314728 -1.332921 -101.882379
ACCEL 5222.096844 0.027008 0.022827 0.994064
GYRO 5222.096913 0.033804 0.005124 0.014778
MAGNETO 5222.096975 -356.960266 181.332352 142.264923
ATTITUDE 5222.196755 1.289223 -1.331294 -101.904265
ACCEL 5222.196846 0.021286 0.025223 0.988983
GYRO 5222.196911 0.012497 0.013970 0.012975
MAGNETO 5222.196974 -356.787415 180.813766 141.421127
ATTITUDE 5222.296763 1.245484 -1.287347 -101.914752
ACCEL 5222.296854 0.023224 0.024170 0.991135
GYRO 5222.296921 0.011279 0.009288 0.004530
MAGNETO 5222.296988 -356.960266 180.640900 142.264923
ATTITUDE 5222.396761 1.252753 -1.285711 -101.923283
ACCEL 5222.396852 0.025848 0.020920 0.988174
GYRO 5222.396918 0.014995 0.015091 0.015326
MAGNETO 5222.396983 -357.478851 181.505203 143.108734
ATTITUDE 5222.496762 1.213412 -1.296003 -101.927304
ACCEL 5222.496860 0.027710 0.011490 0.996841
GYRO 5222.496925 0.028691 -0.002099 0.031864
MAGNETO 5222.496990 -355.750244 180.122314 143.783768
ATTITUDE 5222.596767 1.223611 -1.337686 -101.899847
ACCEL 5222.596873 0.023666 0.035049 0.982727
GYRO 5222.596940 0.031334 0.007636 0.007587
MAGNETO 5222.597006 -356.441681 181.159485 143.108734
ATTITUDE 5222.696760 1.224714 -1.295079 -101.904166
ACCEL 5222.696854 0.023651 0.026398 0.989716
GYRO 5222.696919 0.015036 0.003227 0.004416
MAGNETO 5222.696981 -356.268799 180.640900 142.939972
ATTITUDE 5222.796762 1.164547 -1.250446 -101.942301
ACCEL 5222.796860 0.032593 0.015823 0.995667
GYRO 5222.796926 0.020029 -0.012440 0.005467
MAGNETO 5222.796991 -356.614563 181.332352 143.615005
ATTITUDE 5222.896960 1.226363 -1.302673 -101.956946
ACCEL 5222.897065 0.028854 0.023361 0.983566
GYRO 5222.897131 -0.000041 -0.008428 0.006045
MAGNETO 5222.897198 -357.133118 181.505203 143.783768
ATTITUDE 5222.996771 1.208218 -1.325068 -101.946005
ACCEL 5222.996953 0.022583 0.020264 0.989365
GYRO 5222.997024 0.021216 -0.003039 0.021181
MAGNETO 5222.997090 -357.133118 181.159485 142.771210
ATTITUDE 5223.096769 1.194609 -1.322344 -101.941606
ACCEL 5223.096874 0.022995 0.023209 0.989670
GYRO 5223.096946 0.021254 0.007771 0.016350
MAGNETO 5223.097011 -357.133118 181.505203 143.108734
ATTITUDE 5223.196767 1.182939 -1.289254 -101.923221
ACCEL 5223.196863 0.024246 0.019516 0.987656
GYRO 5223.196931 0.013762 0.007995 0.009300
MAGNETO 5223.196995 -358.861755 179.776596 143.108734
ATTITUDE 5223.296761 1.170989 -1.299128 -101.909250
ACCEL 5223.296856 0.023483 0.022720 0.989914
GYRO 5223.296923 0.006245 0.002205 0.005877
MAGNETO 5223.296987 -356.787415 181.505203 142.771210
ATTITUDE 5223.396828 1.103609 -1.270633 -101.919272
ACCEL 5223.396929 0.025894 0.008820 0.997299
GYRO 5223.396997 0.040025 0.002513 0.024282
MAGNETO 5223.397061 -357.133118 181.850937 142.771210
ATTITUDE 5223.496181 1.171180 -1.316131 -101.910835
ACCEL 5223.496300 0.026642 0.029022 0.989990
GYRO 5223.496372 0.023796 -0.000579 0.007794
MAGNETO 5223.496443 -356.960266 180.295181 142.602448
ATTITUDE 5223.596772 1.184209 -1.321703 -101.907273
ACCEL 5223.596876 0.024719 0.019714 0.990601
GYRO 5223.596943 0.016267 -0.000421 0.008009
MAGNETO 5223.597008 -357.133118 181.159485 142.771210
ATTITUDE 5223.696755 1.121328 -1.283375 -101.945720
ACCEL 5223.696844 0.025665 0.017776 0.983231
GYRO 5223.696908 0.030088 -0.010227 0.001550
MAGNETO 5223.696970 -356.441681 179.776596 143.783768
ATTITUDE 5223.796775 1.190462 -1.351698 -101.965029
ACCEL 5223.796922 0.027008 0.022141 0.986969
GYRO 5223.796992 0.027520 0.001658 0.016164
MAGNETO 5223.797059 -357.651733 180.640900 143.952530
ATTITUDE 5223.896754 1.193592 -1.391602 -101.943031
ACCEL 5223.896847 0.024231 0.020508 0.986694
GYRO 5223.896911 0.018743 0.001854 0.015204
MAGNETO 5223.896974 -357.306000 180.640900 142.939972
ATTITUDE 5223.996846 1.168209 -1.379005 -101.950091
ACCEL 5223.996954 0.020477 0.019562 0.991837
GYRO 5223.997021 0.017551 0.003185 0.003134
MAGNETO 5223.997087 -357.997437 181.332352 141.927399
ATTITUDE 5224.095995 1.155033 -1.404381 -101.990905
ACCEL 5224.096094 0.031281 0.020523 0.992325
GYRO 5224.096162 0.012498 -0.009900 0.006895
MAGNETO 5224.096227 -357.478851 180.468033 141.421127
ATTITUDE 5224.196761 1.125029 -1.413494 -102.005495
ACCEL 5224.196851 0.022644 0.029602 0.991699
GYRO 5224.196916 0.017484 -0.006482 0.014020
MAGNETO 5224.196980 -356.787415 180.813766 144.121292
ATTITUDE 5224.296827 1.098265 -1.425137 -101.997246
ACCEL 5224.296979 0.018265 0.011826 0.983429
GYRO 5224.297049 0.043728 -0.003646 0.035065
MAGNETO 5224.297115 -357.651733 180.640900 143.277481
ATTITUDE 5224.396751 1.109010 -1.430597 -101.988291
ACCEL 5224.396841 0.026276 0.024124 0.987976
GYRO 5224.396905 0.040038 -0.002239 0.020645
MAGNETO 5224.396968 -356.095947 180.468033 142.771210
ATTITUDE 5224.496900 1.129512 -1.431933 -101.958729
ACCEL 5224.496993 0.024796 0.026184 0.981384
GYRO 5224.497078 0.038786 0.000179 0.020683
MAGNETO 5224.497146 -356.268799 179.257996 142.602448
ATTITUDE 5224.596763 1.111307 -1.394748 -101.963016
ACCEL 5224.596869 0.029709 0.016678 0.987396
GYRO 5224.596936 0.028831 -0.006622 0.002801
MAGNETO 5224.597000 -358.343170 179.603729 141.589890
ATTITUDE 5224.696762 1.186171 -1.424364 -101.962283
ACCEL 5224.696860 0.032867 0.023438 0.993820
GYRO 5224.696932 0.007455 -0.009838 0.011882
MAGNETO 5224.696996 -356.960266 180.986618 142.264923
ATTITUDE 5224.796762 1.190086 -1.445166 -101.939050
ACCEL 5224.796860 0.027603 0.016403 0.995193
GYRO 5224.796926 0.010002 0.000919 0.006979
MAGNETO 5224.796991 -355.577393 180.640900 142.602448
ATTITUDE 5224.896814 1.116029 -1.415700 -101.933651
ACCEL 5224.896934 0.024017 0.019028 0.987640
GYRO 5224.897006 0.020059 -0.002838 0.001845
MAGNETO 5224.897071 -356.095947 180.468033 143.108734
ATTITUDE 5224.996759 1.101733 -1.438903 -101.953199
ACCEL 5224.996851 0.027328 0.018921 0.991318
GYRO 5224.996917 0.031316 -0.001945 0.008788
MAGNETO 5224.996980 -357.133118 180.813766 143.108734
ATTITUDE 5225.096290 1.082391 -1.433691 -101.960718
ACCEL 5225.096386 0.027283 0.020859 0.994034
GYRO 5225.096454 0.016254 -0.006412 0.009213
MAGNETO 5225.096518 -356.441681 179.776596 142.771210
ATTITUDE 5225.196755 1.033616 -1.426372 -101.948832
ACCEL 5225.196846 0.031754 0.009705 0.992676
GYRO 5225.196912 0.017546 -0.011147 0.000697
MAGNETO 5225.196976 -357.306000 180.640900 141.927399
ATTITUDE 5225.296791 1.067124 -1.442815 -102.041266
ACCEL 5225.296889 0.025909 0.030045 0.987320
GYRO 5225.296957 0.015002 0.000780 0.010467
MAGNETO 5225.297022 -356.614563 180.986618 142.939972
ATTITUDE 5225.396750 1.041890 -1.421252 -102.070676
ACCEL 5225.396837 0.032425 0.022705 0.992584
GYRO 5225.396901 0.020058 0.011484 0.005493
MAGNETO 5225.396962 -357.133118 181.159485 143.108734
ATTITUDE 5225.496784 1.015928 -1.403943 -102.065312
ACCEL 5225.496891 0.022644 0.017792 0.991547
GYRO 5225.496960 0.047578 0.002398 0.019224
MAGNETO 5225.497025 -356.787415 180.122314 142.096161
ATTITUDE 5225.596662 1.102159 -1.436117 -102.032955
ACCEL 5225.596772 0.024323 0.015823 0.986160
GYRO 5225.596840 0.033807 0.007517 0.014780
MAGNETO 5225.596924 -357.133118 181.850937 141.758652
ATTITUDE 5225.696754 1.088274 -1.423231 -102.041041
ACCEL 5225.696848 0.021362 0.022247 0.990891
GYRO 5225.696912 0.017490 0.003076 0.015241
MAGNETO 5225.696976 -356.441681 180.468033 141.758652
ATTITUDE 5225.796906 1.091022 -1.401633 -102.045927
ACCEL 5225.797007 0.027130 0.017456 0.990082
GYRO 5225.797076 0.023778 -0.005386 0.010210
MAGNETO 5225.797143 -357.306000 180.295181 141.927399
ATTITUDE 5225.896752 1.085448 -1.417912 -102.028632
ACCEL 5225.896845 0.029282 0.014679 0.992737
GYRO 5225.896911 0.018751 -0.006487 0.011563
MAGNETO 5225.896975 -356.441681 181.505203 143.108734
ATTITUDE 5225.996755 1.073233 -1.420517 -102.028206
ACCEL 5225.996846 0.026443 0.016022 0.987869
GYRO 5225.996913 0.026273 0.002891 0.014990
MAGNETO 5225.996978 -357.133118 181.505203 141.421127
ATTITUDE 5226.096759 1.024225 -1.428398 -101.979819
ACCEL 5226.096854 0.026550 0.011520 0.996841
GYRO 5226.096920 0.028785 -0.004317 0.012489
MAGNETO 5226.097023 -356.614563 180.295181 142.264923
ATTITUDE 5226.196301 1.127085 -1.433886 -101.970521
ACCEL 5226.196399 0.027145 0.016022 0.985657
GYRO 5226.196467 0.030093 0.004106 0.003988
MAGNETO 5226.196533 -356.787415 180.468033 142.433685
ATTITUDE 5226.296862 1.131259 -1.437756 -101.997184
ACCEL 5226.296960 0.028748 0.018372 0.991318
GYRO 5226.297029 0.015080 0.015244 -0.001625
MAGNETO 5226.297096 -356.614563 179.603729 141.589890
ATTITUDE 5226.396753 1.047668 -1.411896 -102.016903
ACCEL 5226.396841 0.028229 0.020096 0.992310
GYRO 5226.396907 0.031300 -0.010329 0.009990
MAGNETO 5226.396972 -357.133118 181.505203 143.446243
ATTITUDE 5226.496781 1.081040 -1.466580 -101.980616
ACCEL 5226.496899 0.021225 0.017838 0.988144
GYRO 5226.496966 0.031286 -0.011547 0.012410
MAGNETO 5226.497032 -357.651733 180.640900 142.264923
ATTITUDE 5226.596776 1.129621 -1.446205 -101.946565
ACCEL 5226.596886 0.024551 0.015549 0.988586
GYRO 5226.596953 0.011255 0.004470 0.008157
MAGNETO 5226.597018 -356.614563 181.332352 142.264923
ATTITUDE 5226.696823 1.101573 -1.400335 -101.972785
ACCEL 5226.696954 0.029037 0.016373 0.995926
GYRO 5226.697023 0.022492 0.004134 0.018732
MAGNETO 5226.697089 -357.651733 180.986618 143.277481
ATTITUDE 5226.796880 1.081399 -1.399722 -101.948959
ACCEL 5226.796981 0.023911 0.012665 0.983902
GYRO 5226.797049 0.011288 0.006917 0.002106
MAGNETO 5226.797115 -356.787415 181.850937 142.433685
ATTITUDE 5226.896757 1.009985 -1.376325 -101.974624
ACCEL 5226.896848 0.017761 0.014008 0.987366
GYRO 5226.897067 0.027533 -0.012642 0.010095
MAGNETO 5226.897141 -357.133118 180.122314 141.083603
ATTITUDE 5226.996755 0.980168 -1.429879 -101.938124
ACCEL 5226.996854 0.026016 0.025803 0.995575
GYRO 5226.996919 0.013766 0.000839 0.006871
MAGNETO 5226.996985 -356.787415 180.468033 143.783768
ATTITUDE 5227.096841 1.058612 -1.431614 -101.903610
ACCEL 5227.096938 0.028076 0.016922 0.993011
GYRO 5227.097133 0.018780 -0.007629 0.005508
MAGNETO 5227.097202 -356.787415 179.085144 141.758652
ATTITUDE 5227.196771 1.045375 -1.417960 -101.927421
ACCEL 5227.196886 0.018097 0.008148 0.983383
GYRO 5227.196953 0.022581 0.022197 0.005433
MAGNETO 5227.197018 -356.787415 181.850937 141.758652
ATTITUDE 5227.296154 1.057708 -1.389844 -101.946851
ACCEL 5227.296247 0.025925 0.017487 0.988358
GYRO 5227.296316 0.025043 -0.006587 0.007751
MAGNETO 5227.296382 -356.787415 181.505203 143.108734
ATTITUDE 5227.396748 1.094183 -1.438829 -101.893978
ACCEL 5227.396837 0.028717 0.019867 0.991333
GYRO 5227.396902 0.012440 -0.007617 0.019006
MAGNETO 5227.396966 -357.306000 180.986618 142.602448
ATTITUDE 5227.496760 1.049274 -1.435129 -101.848750
ACCEL 5227.496860 0.028824 0.013718 0.988312
GYRO 5227.496927 0.021252 0.001801 0.015132
MAGNETO 5227.496991 -357.478851 180.813766 142.771210
ATTITUDE 5227.596774 1.059607 -1.416120 -101.833915
ACCEL 5227.596882 0.026443 0.016724 0.991791
GYRO 5227.596950 0.008751 -0.010984 0.003369
MAGNETO 5227.597015 -356.268799 179.949448 142.939972
ATTITUDE 5227.696819 1.040499 -1.435292 -101.793215
ACCEL 5227.696931 0.027634 0.014496 0.989807
GYRO 5227.697000 0.025039 0.000569 0.010180
MAGNETO 5227.697065 -356.268799 180.986618 142.939972
ATTITUDE 5227.796770 1.015974 -1.411873 -101.784466
ACCEL 5227.796920 0.019104 0.006821 0.990204
GYRO 5227.797007 0.012502 -0.006311 0.006899
MAGNETO 5227.797074 -356.441681 181.159485 142.771210
ATTITUDE 5227.896766 0.942534 -1.447875 -101.786188
ACCEL 5227.896873 0.024261 0.029816 0.988525
GYRO 5227.896940 0.003765 -0.008431 -0.002538
MAGNETO 5227.897005 -357.478851 181.159485 142.771210
ATTITUDE 5227.996761 0.990074 -1.475239 -101.779364
ACCEL 5227.996871 0.023651 0.014557 0.995438
GYRO 5227.996937 0.030078 -0.018600 0.001541
MAGNETO 5227.997002 -357.133118 181.159485 141.758652
ATTITUDE 5228.096753 0.958229 -1.445493 -101.810532
ACCEL 5228.096842 0.023270 0.008942 0.988998
GYRO 5228.096907 0.017492 0.015016 0.017676
MAGNETO 5228.096971 -357.133118 182.196655 141.758652
ATTITUDE 5228.196830 0.980591 -1.451913 -101.794957
ACCEL 5228.196937 0.029633 0.020798 0.993805
GYRO 5228.197004 0.022480 -0.005436 0.018721
MAGNETO 5228.197071 -357.306000 180.640900 141.927399
ATTITUDE 5228.296852 0.981634 -1.458938 -101.735871
ACCEL 5228.296949 0.019394 0.015915 0.989594
GYRO 5228.297015 0.028745 -0.002001 0.020968
MAGNETO 5228.297079 -356.441681 179.776596 142.771210
ATTITUDE 5228.396755 0.993465 -1.458046 -101.703334
ACCEL 5228.396847 0.027023 0.022598 0.992355
GYRO 5228.396911 0.025011 -0.007838 0.013804
MAGNETO 5228.396974 -356.614563 180.640900 142.602448
ATTITUDE 5228.496764 1.000478 -1.445079 -101.689166
ACCEL 5228.496900 0.023621 0.015106 0.987595
GYRO 5228.496969 0.022510 -0.011351 0.011451
MAGNETO 5228.497034 -356.441681 181.505203 143.108734
ATTITUDE 5228.596796 0.975457 -1.459940 -101.672788
ACCEL 5228.596896 0.022003 0.014160 0.984894
GYRO 5228.596961 0.013772 -0.003923 0.004445
MAGNETO 5228.597027 -355.058777 180.468033 141.421127
ATTITUDE 5228.696770 0.924629 -1.444989 -101.685609
ACCEL 5228.696879 0.016968 0.006226 0.978943
GYRO 5228.696945 0.019952 0.004132 0.024857
MAGNETO 5228.697010 -357.651733 180.986618 142.939972
ATTITUDE 5228.796787 0.871835 -1.477424 -101.673379
ACCEL 5228.796902 0.023621 0.026886 0.988251
GYRO 5228.796969 0.026278 -0.003068 0.012563
MAGNETO 5228.797033 -354.713074 180.122314 142.771210
ATTITUDE 5228.896872 0.933629 -1.460354 -101.657007
ACCEL 5228.896974 0.022888 0.016342 0.988602
GYRO 5228.897043 0.030040 -0.004344 0.012454
MAGNETO 5228.897111 -355.231628 181.332352 142.264923
ATTITUDE 5228.995984 0.930890 -1.405158 -101.689586
ACCEL 5228.996048 0.030090 0.009750 0.992188
GYRO 5228.996091 0.015047 -0.002721 0.000777
MAGNETO 5228.996130 -356.614563 180.640900 142.264923
ATTITUDE 5229.096787 0.971783 -1.454624 -101.669125
ACCEL 5229.096897 0.028946 0.021500 1.002365
GYRO 5229.096966 0.047544 -0.029889 0.017979
MAGNETO 5229.097032 -355.404510 181.159485 143.446243
ATTITUDE 5229.196770 1.047177 -1.506084 -101.619973
ACCEL 5229.196868 0.026657 0.016235 0.991776
GYRO 5229.196934 0.011301 -0.012157 -0.005179
MAGNETO 5229.196999 -356.787415 181.850937 142.096161
ATTITUDE 5229.296824 1.053158 -1.496793 -101.601038
ACCEL 5229.296924 0.023132 0.016312 0.990311
GYRO 5229.296992 0.025019 0.004114 0.015027
MAGNETO 5229.297056 -355.404510 181.159485 141.758652
ATTITUDE 5229.396754 1.039175 -1.494915 -101.593020
ACCEL 5229.396843 0.019791 0.017212 0.981293
GYRO 5229.396908 0.031359 -0.001868 0.000313
MAGNETO 5229.396971 -357.133118 181.159485 143.783768
ATTITUDE 5229.496096 1.070173 -1.473397 -101.582104
ACCEL 5229.496209 0.024109 0.014343 0.988815
GYRO 5229.496278 0.027581 -0.003007 0.002841
MAGNETO 5229.496345 -356.268799 179.949448 141.927399
ATTITUDE 5229.596770 1.046896 -1.455577 -101.590948
ACCEL 5229.596865 0.026901 0.004639 0.995041
GYRO 5229.596931 0.019973 -0.013734 0.016362
MAGNETO 5229.596996 -356.960266 179.603729 142.602448
ATTITUDE 5229.696762 1.055630 -1.513431 -101.600044
ACCEL 5229.696861 0.024857 0.023468 0.980865
GYRO 5229.696927 0.017573 -0.003937 -0.002928
MAGNETO 5229.696990 -357.306000 180.986618 141.927399
ATTITUDE 5229.796769 1.062831 -1.505332 -101.604774
ACCEL 5229.796877 0.029175 0.019638 0.986938
GYRO 5229.796946 0.022558 0.003058 0.005412
MAGNETO 5229.797014 -357.306000 181.678070 141.927399
ATTITUDE 5229.896759 1.047391 -1.465855 -101.590201
ACCEL 5229.896853 0.029617 0.009979 0.993668
GYRO 5229.896918 0.023819 -0.006505 0.001733
MAGNETO 5229.896983 -356.614563 181.332352 142.939972
ATTITUDE 5229.996345 1.073511 -1.503753 -101.586533
ACCEL 5229.996450 0.029709 0.016174 0.988846
GYRO 5229.996519 0.020030 -0.006470 0.006684
MAGNETO 5229.996583 -356.614563 182.023804 142.939972
ATTITUDE 5230.096787 1.077682 -1.529572 -101.571782
ACCEL 5230.096883 0.023636 0.015076 0.990784
GYRO 5230.096948 0.027546 -0.006650 0.008890
MAGNETO 5230.097013 -356.441681 180.813766 141.758652
